11411141
171141
171141
171141
171141
171141
171141
1717
1717
529
529
400
106
17
17
17
17
17
17
17
17
17
17
17
17
17
17
17
17
17
17
1711411141
171141
171141
171141
171141
171141
171141
1717
1717
529
529
400
106
17
17
17
17
17
17
17
17
17
17
17
17
17
17
17
17
17
17
1711411141
171141
171141
171141
171141
171141
171141
1717
1717
529
529
400
106
17
17
17
17
17
17
17
17
17
17
17
17
17
17
17
17
17
17
1711411141
171141
171141
171141
171141
171141
171141
1717
1717
529
529
400
106
17
17
17
17
17
17
17
17
17
17
17
17
17
17
17
17
17
17
1711411141
171141
171141
171141
171141
171141
171141
1717
1717
529
529
400
106
17
17
17
17
17
17
17
17
17
17
17
17
17
17
17
17
17
17
17